P2: 2186.359688 0.0 968.712906 0.0 0.0 2332.160319 542.356703 0.0 0.0 0.0 1.0 0.0
P2: 2186.359688 0.0 968.712906 0.0 0.0 2332.160319 542.356703 0.0 0.0 0.0 1.0 0.0
P2: 2186.359688 0.0 968.712906 0.0 0.0 2332.160319 542.356703 0.0 0.0 0.0 1.0 0.0
P2: 2186.359688 0.0 968.712906 0.0 0.0 2332.160319 542.356703 0.0 0.0 0.0 1.0 0.0
R0_rect: 1 0 0 0 1 0 0 0 1
Tr_velo_to_cam: -0.0638033225610772 -0.9910914864003576 -0.04429948490729328 -5.779144404715124 -0.2102873406178483 0.043997692433495696 -0.7987692871343754 6.037615758600886 0.97575114561348 -0.06031492538699515 -0.17158543199893228 1.0636424034755758
Tr_velo_to_cam: -0.0638033225610772 -0.9910914864003576 -0.04429948490729328 -5.779144404715124 -0.2102873406178483 0.043997692433495696 -0.7987692871343754 6.037615758600886 0.97575114561348 -0.06031492538699515 -0.17158543199893228 1.0636424034755758